1 -- 2 9.1
2 -- 3 56.7
3 -- 4 14.4
3 -- 5 28
5 -- 6 16.5
6 -- 7 4
5 -- 8 23.7
8 -- 9 4
8 -- 10 50
10 -- 12 23.3
10 -- 11 38
12 -- 14 32.1
14 -- 13 3.7
14 -- 18 32.6
18 -- 17 24
17 -- 15 23.4
15 -- 16 6.3
11 -- 15 51.8
11 -- 20 4.3
16 -- 21 7.4
16 -- 22 47.4
22 -- 23 3.5
22 -- 24 59
24 -- 25 15.4
25 -- 26 11.4
26 -- 2 41.8
26 -- 27 15.6
27 -- 25 14.5
27 -- 28 16
28 -- 29 16
28 -- 30 49.2
2 -- 30 40.6
30 -- 31 83.9
6 -- 31 23.3
29 -- 32 145
17 -- 33 61.6
34 -- 31 71.9
34 -- 35 87.1
35 -- 36 21
35 -- 37 27
36 -- 37 39
18 -- 19 5.2
14 -- 38 4.9
12 -- 41 14.3
37 -- 39 14.6
39 -- 12 124
39 -- 40 16.7
40 -- 42 27.3
42 -- 43 29.6
43 -- 44 24.1
44 -- 45 31.8
45 -- 42 25
43 -- 37 23.6
43 -- 46 32.4
46 -- 36 24.5
44 -- 47 13
47 -- 48 147
48 -- 49 145
48 -- 50 19.4
50 -- 51 81.4
50 -- 52 57.2
52 -- 53 158
37 -- 54 7.7
47 -- 55 271
55 -- 56 36.3
55 -- 57 55.3
57 -- 58 195
58 -- 59 95.6
59 -- 29 136
59 -- 60 322
60 -- 29 329